score: 992806.850785
duration: 2.191796
