score: 40.180180
duration: 1085.414870
