score: 39.611278
duration: 1015.523485
